79
61.49292,621.80566
653.4833,350.3141
743.6493,456.01056
126.19066,332.65945
531.8584,385.81818
613.83594,434.66846
779.48315,576.3341
314.26123,503.32864
496.27353,437.3169
559.30115,442.98416
658.87085,449.58368
708.0344,529.49536
467.0657,497.9309
517.5593,476.72208
611.70197,494.64297
678.042,496.34064
701.47754,461.1166
553.43243,491.88138
591.2913,621.4745
564.35925,530.99036
661.90424,546.6285
757.97253,518.59985
719.59314,493.47415
519.3747,521.96875
603.2163,566.55225
714.13055,583.57983
836.3083,599.6837
536.6327,582.71185
483.1915,556.0917
653.36755,294.6844
674.60156,661.435
759.22534,637.4249
548.91907,685.70715
468.8782,618.39606
547.2063,775.00903
663.2908,734.0666
422.9261,678.50415
599.3875,774.9448
700.3983,797.24866
429.72247,558.58887
372.26804,558.0321
442.22293,748.30914
735.0937,710.9903
699.97327,408.69888
497.49652,339.93433
822.9411,529.001
809.94275,676.7218
490.0607,687.2368
395.42572,614.3096
395.9655,499.60153
595.5488,388.8549
644.5148,405.05078
530.8003,738.1325
527.2975,644.20435
497.8915,224.16014
366.2126,665.5217
376.9922,727.7223
500.37762,812.2412
596.21045,846.6511
810.1656,453.0928
728.19574,343.40094
573.5129,323.5145
765.4614,397.36557
798.5896,742.82764
322.17395,699.8029
340.33414,624.1325
281.22296,384.90338
257.89716,541.24585
387.7987,393.41058
600.99805,221.58237
686.09656,249.69244
866.8599,376.9393
915.16064,471.65405
889.22577,735.9874
835.87006,806.6735
233.89195,769.8872
344.2031,823.04016
420.38525,864.28955
693.29126,901.5318
