39
309.1198,160.6576
457.58218,160.6576
606.04456,160.6576
234.88876,243.65048
383.35107,243.65048
531.81335,243.65048
680.2757,243.65048
160.6576,326.64352
309.1198,326.64352
457.58218,326.64352
606.04456,326.64352
754.50696,326.64352
234.88876,409.63647
383.35107,409.63647
531.81335,409.63647
680.2757,409.63647
828.73816,409.63647
160.6576,492.62946
309.1198,492.62946
457.58218,492.62946
606.04456,492.62946
754.50696,492.62946
234.88876,575.62225
383.35107,575.62225
531.81335,575.62225
680.2757,575.62225
828.73816,575.62225
160.6576,658.61523
309.1198,658.61523
457.58218,658.61523
606.04456,658.61523
754.50696,658.61523
234.88876,741.6082
383.35107,741.6082
531.81335,741.6082
680.2757,741.6082
309.1198,824.6012
457.58218,824.6012
606.04456,824.6012
