39
353.60712,159.89651
528.00696,146.82138
634.407,189.75153
244.9013,226.75375
415.46304,245.84433
555.8623,260.77298
754.2594,285.69913
155.03006,309.06622
336.91794,316.86667
477.31604,331.79376
617.71704,346.7198
758.1157,361.64655
301.37408,411.88702
395.77377,387.8158
539.1723,417.7428
679.5692,432.66986
856.969,438.59796
187.31558,508.5307
103.22809,428.83765
460.6277,488.76492
601.02795,503.69147
772.42645,561.62134
245.68445,552.8583
370.08307,535.786
525.4818,553.71375
670.8812,588.6424
858.1759,708.91284
100.13919,627.8791
303.53802,630.8074
447.93634,626.73627
589.3369,679.6632
727.7365,690.59125
153.52188,748.1939
365.39276,716.7566
505.79147,753.6844
655.1917,767.6128
295.04028,809.688
469.3346,876.2214
744.6312,844.1022
